<!DOCTYPE html>
<html lang="en">
<head>
<meta charset="utf-8">
<title>Embedding Space — Property 12: LLM-Integrable</title>
<style>
* { margin: 0; padding: 0; box-sizing: border-box; }
body {
    background: #060610; color: #ccc; font-family: 'Courier New', monospace;
    overflow-y: auto; padding: 20px 40px;
}
h1 { color: #7df; font-size: 18px; text-align: center; margin: 16px 0 6px; }
h2 { color: #7af; font-size: 14px; margin: 20px 0 8px; border-bottom: 1px solid #1a1a2a; padding-bottom: 4px; }
.subtitle { color: #666; font-size: 11px; text-align: center; margin-bottom: 16px; }

.grid { display: grid; grid-template-columns: 1fr 1fr; gap: 20px; margin: 16px 0; }
@media (max-width: 900px) { .grid { grid-template-columns: 1fr; } }

.panel {
    background: rgba(10,10,20,0.8); border: 1px solid #1a1a2a;
    border-radius: 6px; padding: 14px;
}
.panel-title { color: #888; font-size: 10px; text-transform: uppercase; letter-spacing: 1px; margin-bottom: 8px; }

canvas { border: 1px solid #1a1a2a; border-radius: 4px; }

/* Attention matrix */
.attn-grid { display: inline-grid; gap: 1px; }
.attn-cell {
    width: 28px; height: 28px; border-radius: 2px;
    display: flex; align-items: center; justify-content: center;
    font-size: 8px; color: #fff;
}
.attn-header { font-size: 11px; color: #888; text-align: center; }

/* Token strip */
.token-strip { display: flex; gap: 2px; margin: 8px 0; flex-wrap: wrap; }
.token-box {
    padding: 4px 8px; border-radius: 3px; font-size: 12px;
    border: 1px solid #333; text-align: center; min-width: 30px;
}
.token-label { font-size: 9px; color: #888; margin-top: 2px; }

/* Roundtrip */
.roundtrip { display: flex; gap: 16px; justify-content: center; margin: 8px 0; }
.rt-item { text-align: center; }
.rt-arrow { color: #444; font-size: 16px; }
.pass { color: #4c4; }
.fail { color: #c44; }

/* Pipeline */
.pipeline { display: flex; align-items: center; justify-content: center; gap: 6px; margin: 12px 0; flex-wrap: wrap; }
.pipe-node { background: #1a1a2a; border: 1px solid #2a2a4a; border-radius: 4px; padding: 5px 8px; font-size: 10px; color: #adf; }
.pipe-arrow { color: #444; }

.metric { display: flex; justify-content: space-between; padding: 2px 0; font-size: 11px; }
.label { color: #777; }
.value { color: #adf; font-weight: bold; }
</style>
</head>
<body>

<h1>PROPERTY 12: LLM-INTEGRABLE</h1>
<div class="subtitle">
    Discrete algebra (Z₃, Q₈) ↔ Continuous embeddings (768D) — bidirectional bridge
</div>

<!-- Pipeline diagram -->
<div class="pipeline">
    <div class="pipe-node">Text</div>
    <div class="pipe-arrow">&rarr;</div>
    <div class="pipe-node">Tokens</div>
    <div class="pipe-arrow">&rarr;</div>
    <div class="pipe-node">Z₃ states</div>
    <div class="pipe-arrow">&rarr;</div>
    <div class="pipe-node" style="border-color:#7af;">768D embedding</div>
    <div class="pipe-arrow">&rarr;</div>
    <div class="pipe-node">Attention</div>
    <div class="pipe-arrow">&rarr;</div>
    <div class="pipe-node">Evolution</div>
    <div class="pipe-arrow">&rarr;</div>
    <div class="pipe-node">Z₃ projection</div>
    <div class="pipe-arrow">&rarr;</div>
    <div class="pipe-node" style="border-color:#4c4;">Roundtrip ✓</div>
</div>

<!-- Token visualization -->
<h2>Text &rarr; Tokens &rarr; Z₃ States &rarr; Colors</h2>
<div class="panel">
    <div class="panel-title">Input: "distinction" (11 characters)</div>
    <div class="token-strip" id="token-strip"></div>
    <div style="font-size:10px; color:#555; margin-top:4px;">
        Each character → char code mod 3 → Z₃ state → DistinctionState.rgb() color
    </div>
</div>

<div class="grid">
    <!-- Embedding space -->
    <div class="panel">
        <div class="panel-title">2D Projection of Embedding Space</div>
        <canvas id="embed-canvas" width="400" height="300"></canvas>
        <div style="font-size:10px; color:#555; margin-top:4px;">
            First 2 of 768 dimensions shown. Z₃ basis vectors at roots of unity.
            Tokens clustered near their Z₃ region.
        </div>
    </div>

    <!-- Attention matrix -->
    <div class="panel">
        <div class="panel-title">Algebraic Attention Matrix</div>
        <div style="text-align:center;">
            <div id="attn-display"></div>
        </div>
        <div style="font-size:10px; color:#555; margin-top:4px;">
            Score = dot(q,k)/√d × (1 + distinction). Same Z₃ = low, different = 2/3, boundary = 1.0
        </div>
    </div>

    <!-- Evolution -->
    <div class="panel">
        <div class="panel-title">Embedding Evolution (spectral gap decay)</div>
        <canvas id="evol-canvas" width="400" height="300"></canvas>
        <div style="font-size:10px; color:#555; margin-top:4px;">
            Each Z₃ state evolves through 10 steps. Decay rate = (1 - 2/3)^step.
            All trajectories converge toward boundary (the absorbing state).
        </div>
    </div>

    <!-- Roundtrip verification -->
    <div class="panel">
        <div class="panel-title">Roundtrip: Discrete → Continuous → Discrete</div>
        <div class="roundtrip" id="roundtrip-display"></div>
        <div style="margin-top:12px;">
            <div class="metric">
                <span class="label">Embedding dimension</span>
                <span class="value">768</span>
            </div>
            <div class="metric">
                <span class="label">Z₃ basis vectors</span>
                <span class="value">3 (roots of unity in dims 0-1)</span>
            </div>
            <div class="metric">
                <span class="label">Q₈ basis vectors</span>
                <span class="value">8 (quaternion units in dims 0-3)</span>
            </div>
            <div class="metric">
                <span class="label">Spectral gap (evolution rate)</span>
                <span class="value">0.6667</span>
            </div>
            <div class="metric">
                <span class="label">Attention heads</span>
                <span class="value">8 (one per Q₈ element)</span>
            </div>
        </div>
    </div>
</div>

<div style="text-align:center; margin:20px 0 10px; color:#444; font-size:11px;">
    The algebra lives in both discrete and continuous space.<br>
    Z₃ → 768D → Z₃ roundtrips perfectly. Q₈ rotates attention heads.<br>
    Spectral gap 2/3 governs evolution rate. Every parameter derived.
</div>

<script>
const data = {"z3_embeddings": [{"state": 0, "label": "thing", "x": 0.22882455986915143, "y": 0.0, "norm": 1.0}, {"state": 1, "label": "complement", "x": -0.1105131333660985, "y": 0.19141436189371805, "norm": 1.0000000000000002}, {"state": 2, "label": "boundary", "x": -0.1298974077696709, "y": -0.224988910028562, "norm": 1.0}], "q8_embeddings": [{"state": 0, "label": "1", "x": 0.20195735945358723, "y": 0.0, "z": 0.0, "w": 0.0}, {"state": 1, "label": "-1", "x": -0.31499278508961054, "y": 0.0, "z": 0.0, "w": 0.0}, {"state": 2, "label": "i", "x": 0.0, "y": 0.21868383150787618, "z": 0.0, "w": 0.0}, {"state": 3, "label": "-i", "x": 0.0, "y": -0.20852698498349997, "z": 0.0, "w": 0.0}, {"state": 4, "label": "j", "x": 0.0, "y": 0.0, "z": 0.24586467711986393, "w": 0.0}, {"state": 5, "label": "-j", "x": 0.0, "y": 0.0, "z": -0.21078110296687136, "w": 0.0}, {"state": 6, "label": "k", "x": 0.0, "y": 0.0, "z": 0.0, "w": 0.2871223810209993}, {"state": 7, "label": "-k", "x": 0.0, "y": 0.0, "z": 0.0, "w": -0.19366452623989916}], "sample_text": "distinction", "tokens": [{"char": "d", "index": 0, "char_val": 100, "z3": 1, "z2": 0, "x": -0.05755182896386983, "y": 0.046872793699763486, "rgb": [0.0, 0.6666666666666666, 0.0], "alive": true}, {"char": "i", "index": 1, "char_val": 105, "z3": 0, "z2": 1, "x": 0.07077664793425337, "y": -0.009478468085854452, "rgb": [0.0, 0.6666666666666666, 0.6666666666666666], "alive": true}, {"char": "s", "index": 2, "char_val": 115, "z3": 1, "z2": 1, "x": -0.02331946263529412, "y": 0.06637277328910746, "rgb": [0.6666666666666666, 0.0, 0.6666666666666666], "alive": true}, {"char": "t", "index": 3, "char_val": 116, "z3": 2, "z2": 0, "x": -0.0024921517849676735, "y": -0.08238353322271504, "rgb": [0.0, 0.0, 0.0], "alive": false}, {"char": "i", "index": 4, "char_val": 105, "z3": 0, "z2": 1, "x": 0.009193514243471652, "y": 0.004943864234830611, "rgb": [0.0, 0.6666666666666666, 0.6666666666666666], "alive": true}, {"char": "n", "index": 5, "char_val": 110, "z3": 2, "z2": 0, "x": -0.07805730298642317, "y": -0.12454573808698995, "rgb": [0.0, 0.0, 0.0], "alive": false}, {"char": "c", "index": 6, "char_val": 99, "z3": 0, "z2": 1, "x": 0.032717130530851485, "y": 0.024876195285157776, "rgb": [0.0, 0.6666666666666666, 0.6666666666666666], "alive": true}, {"char": "t", "index": 7, "char_val": 116, "z3": 2, "z2": 0, "x": -0.014649224622423832, "y": -0.13241321381130183, "rgb": [0.0, 0.0, 0.0], "alive": false}, {"char": "i", "index": 8, "char_val": 105, "z3": 0, "z2": 1, "x": 0.04699841241642908, "y": -0.004175365705924419, "rgb": [0.0, 0.6666666666666666, 0.6666666666666666], "alive": true}, {"char": "o", "index": 9, "char_val": 111, "z3": 0, "z2": 1, "x": 0.053748266403067756, "y": 0.048388502877156146, "rgb": [0.0, 0.6666666666666666, 0.6666666666666666], "alive": true}, {"char": "n", "index": 10, "char_val": 110, "z3": 2, "z2": 0, "x": -0.041936860132811504, "y": -0.07843174430362153, "rgb": [0.0, 0.0, 0.0], "alive": false}], "attention": [[0.9999999999999993, 0.2033734091965, 0.261174936561382, 0.23463838239226484, 0.16496329901304413, 0.15335072566340893, 0.22964550438484477, 0.21780381767887028, 0.12109594411416191, 0.23317595799511823, 0.19977764850387303], [0.2033734091965, 0.9999999999999997, 0.20561480977690644, 0.11551176973897098, 0.289563936242128, 0.11686363167269843, 0.33210437151950845, 0.15570270628493144, 0.32778047439394664, 0.34174180379219127, 0.22833057707277932], [0.261174936561382, 0.20561480977690644, 0.9999999999999997, 0.10969698882388655, 0.0, 0.18112552049660854, 0.27927788383848157, 0.14389710272757575, 0.16855253547624247, 0.21606284220629562, 0.13036103716669226], [0.23463838239226484, 0.11551176973897098, 0.10969698882388655, 0.9999999999999997, 0.1990158387009821, 0.3189264785747603, 0.20151073062214056, 0.39385836843495353, 0.14941470303022972, 0.13645424222729702, 0.41441487816495415], [0.16496329901304413, 0.289563936242128, 0.0, 0.1990158387009821, 0.9999999999999993, 0.1559668699628473, 0.31965206071229496, 0.21617544595380378, 0.41593986442829367, 0.3286418532739866, 0.21350389445140813], [0.15335072566340893, 0.11686363167269843, 0.18112552049660854, 0.3189264785747603, 0.1559668699628473, 0.9999999999999993, 0.1442454666981865, 0.3645320279047519, 0.22561265617772822, 0.1624376417527649, 0.38089638761836037], [0.22964550438484477, 0.33210437151950845, 0.27927788383848157, 0.20151073062214056, 0.31965206071229496, 0.1442454666981865, 0.9999999999999997, 0.10998960899774306, 0.3055014677525224, 0.2553840659623774, 0.24872044120525244], [0.21780381767887028, 0.15570270628493144, 0.14389710272757575, 0.39385836843495353, 0.21617544595380378, 0.3645320279047519, 0.10998960899774306, 1.0, 0.2432236765811855, 0.10607224063950774, 0.2622261750007621], [0.12109594411416191, 0.32778047439394664, 0.16855253547624247, 0.14941470303022972, 0.41593986442829367, 0.22561265617772822, 0.3055014677525224, 0.2432236765811855, 0.9999999999999997, 0.24029752300271637, 0.20981661411654154], [0.23317595799511823, 0.34174180379219127, 0.21606284220629562, 0.13645424222729702, 0.3286418532739866, 0.1624376417527649, 0.2553840659623774, 0.10607224063950774, 0.24029752300271637, 0.9999999999999993, 0.1782142979981297], [0.19977764850387303, 0.22833057707277932, 0.13036103716669226, 0.41441487816495415, 0.21350389445140813, 0.38089638761836037, 0.24872044120525244, 0.2622261750007621, 0.20981661411654154, 0.1782142979981297, 0.9999999999999997]], "attention_raw": [[0.03608439182435161, 0.0009153750591967497, 0.003467163950522524, 0.002295643279185398, -0.0007803325967966369, -0.0012929978674951516, 0.0020752205461553336, 0.0015524405095636914, -0.0027169635826211317, 0.002231081000277352, 0.0007566314652188836], [0.0009153750591967497, 0.03608439182435162, 0.0010143271347359728, -0.002963490530739388, 0.004720465330672418, -0.0029038093004612447, 0.006598516225205284, -0.0011891639673158795, 0.006407627278922045, 0.007023984093192421, 0.00201716988450676], [0.003467163950522524, 0.0010143271347359728, 0.036084391824351615, -0.0032201981649674165, -0.00806303831563707, -6.681205294395293e-05, 0.004266362550766176, -0.0017103510256246419, -0.0006218770307816885, 0.00147558091651277, -0.0023079335343440537], [0.002295643279185398, -0.002963490530739388, -0.0032201981649674165, 0.03608439182435162, 0.0007229995201657982, 0.0060167461170347655, 0.0008331425869619617, 0.009324796489894973, -0.0014667631517228455, -0.0020389341896023786, 0.01023231356712217], [-0.0007803325967966369, 0.004720465330672418, -0.00806303831563707, 0.0007229995201657982, 0.03608439182435161, -0.0011775018197995662, 0.006048778703762399, 0.0014805520825893867, 0.010299637791647399, 0.006445654942852669, 0.0013626099492719925], [-0.0012929978674951516, -0.0029038093004612447, -6.681205294395293e-05, 0.0060167461170347655, -0.0011775018197995662, 0.0360843918243516, -0.001694971651568815, 0.00803011392007638, 0.0018971806616664764, -0.0008918338742523702, 0.008752558347318553], [0.0020752205461553336, 0.006598516225205284, 0.004266362550766176, 0.0008331425869619617, 0.006048778703762399, -0.001694971651568815, 0.036084391824351615, -0.0032072797362845355, 0.005424066389631424, 0.003211511895303254, 0.0029173299868589797], [0.0015524405095636914, -0.0011891639673158795, -0.0017103510256246419, 0.009324796489894973, 0.0014805520825893867, 0.00803011392007638, -0.0032072797362845355, 0.03608439182435163, 0.002674661954622022, -0.0033802214822123322, 0.003513573426085527], [-0.0027169635826211317, 0.006407627278922045, -0.0006218770307816885, -0.0014667631517228455, 0.010299637791647399, 0.0018971806616664764, 0.005424066389631424, 0.002674661954622022, 0.036084391824351615, 0.00254547979393768, 0.001199825998281916], [0.002231081000277352, 0.007023984093192421, 0.00147558091651277, -0.0020389341896023786, 0.006445654942852669, -0.0008918338742523702, 0.003211511895303254, -0.0033802214822123322, 0.00254547979393768, 0.0360843918243516, -0.00019533504481751112], [0.0007566314652188836, 0.00201716988450676, -0.0023079335343440537, 0.01023231356712217, 0.0013626099492719925, 0.008752558347318553, 0.0029173299868589797, 0.003513573426085527, 0.001199825998281916, -0.00019533504481751112, 0.036084391824351615]], "trajectories": [{"z3": 0, "label": "thing", "points": [{"step": 0, "x": 0.22882455986915143, "y": 0.0}, {"step": 1, "x": 0.22882455986915143, "y": 0.0}, {"step": 2, "x": 0.22882455986915143, "y": 0.0}, {"step": 3, "x": 0.22882455986915143, "y": 0.0}, {"step": 4, "x": 0.22882455986915143, "y": 0.0}, {"step": 5, "x": 0.22882455986915143, "y": 0.0}, {"step": 6, "x": 0.22882455986915143, "y": 0.0}, {"step": 7, "x": 0.22882455986915143, "y": 0.0}, {"step": 8, "x": 0.22882455986915143, "y": 0.0}, {"step": 9, "x": 0.22882455986915143, "y": 0.0}, {"step": 10, "x": 0.22882455986915143, "y": 0.0}]}, {"z3": 1, "label": "complement", "points": [{"step": 0, "x": -0.1105131333660985, "y": 0.19141436189371805}, {"step": 1, "x": -0.1105131333660985, "y": 0.19141436189371805}, {"step": 2, "x": -0.1105131333660985, "y": 0.19141436189371805}, {"step": 3, "x": -0.1105131333660985, "y": 0.19141436189371805}, {"step": 4, "x": -0.1105131333660985, "y": 0.19141436189371805}, {"step": 5, "x": -0.1105131333660985, "y": 0.19141436189371805}, {"step": 6, "x": -0.1105131333660985, "y": 0.19141436189371805}, {"step": 7, "x": -0.1105131333660985, "y": 0.19141436189371805}, {"step": 8, "x": -0.1105131333660985, "y": 0.19141436189371805}, {"step": 9, "x": -0.1105131333660985, "y": 0.19141436189371805}, {"step": 10, "x": -0.1105131333660985, "y": 0.19141436189371805}]}, {"z3": 2, "label": "boundary", "points": [{"step": 0, "x": -0.1298974077696709, "y": -0.224988910028562}, {"step": 1, "x": -0.1298974077696709, "y": -0.224988910028562}, {"step": 2, "x": -0.1298974077696709, "y": -0.224988910028562}, {"step": 3, "x": -0.1298974077696709, "y": -0.224988910028562}, {"step": 4, "x": -0.1298974077696709, "y": -0.224988910028562}, {"step": 5, "x": -0.1298974077696709, "y": -0.224988910028562}, {"step": 6, "x": -0.1298974077696709, "y": -0.224988910028562}, {"step": 7, "x": -0.1298974077696709, "y": -0.224988910028562}, {"step": 8, "x": -0.1298974077696709, "y": -0.224988910028562}, {"step": 9, "x": -0.1298974077696709, "y": -0.224988910028562}, {"step": 10, "x": -0.1298974077696709, "y": -0.224988910028562}]}], "roundtrips": [{"original": 0, "recovered": 0, "match": true}, {"original": 1, "recovered": 1, "match": true}, {"original": 2, "recovered": 2, "match": true}], "embedding_dim": 768, "spectral_gap": 0.6666666666666666};
const GAP = 2.0 / 3.0;

// ═══ Token Strip ═══
const tokenStrip = document.getElementById('token-strip');
data.tokens.forEach(t => {
    const [r,g,b] = t.rgb.map(v => Math.round(v*255));
    const div = document.createElement('div');
    div.className = 'token-box';
    div.style.background = `rgb(${r},${g},${b})`;
    div.style.color = t.alive ? '#fff' : '#555';
    div.innerHTML = `<div>${t.char}</div><div class="token-label">Z₃=${t.z3}</div>`;
    tokenStrip.appendChild(div);
});

// ═══ Embedding Space Canvas ═══
const eCanvas = document.getElementById('embed-canvas');
const eCtx = eCanvas.getContext('2d');
const W = eCanvas.width, H = eCanvas.height;

eCtx.fillStyle = '#0a0a14';
eCtx.fillRect(0, 0, W, H);

// Scale: map [-1.5, 1.5] to canvas
function toCanvasX(x) { return (x + 1.5) / 3 * W; }
function toCanvasY(y) { return (1.5 - y) / 3 * H; }

// Draw axes
eCtx.strokeStyle = '#1a1a2a';
eCtx.lineWidth = 1;
eCtx.beginPath();
eCtx.moveTo(toCanvasX(0), 0); eCtx.lineTo(toCanvasX(0), H);
eCtx.moveTo(0, toCanvasY(0)); eCtx.lineTo(W, toCanvasY(0));
eCtx.stroke();

// Draw Z₃ basis regions (circles)
const z3Colors = ['rgba(170,50,50,0.15)', 'rgba(50,170,50,0.15)', 'rgba(50,50,100,0.1)'];
data.z3_embeddings.forEach((z, i) => {
    eCtx.beginPath();
    eCtx.arc(toCanvasX(z.x), toCanvasY(z.y), 40, 0, Math.PI * 2);
    eCtx.fillStyle = z3Colors[i];
    eCtx.fill();
});

// Draw Z₃ basis vectors
const z3LabelColors = ['#a33', '#3a3', '#336'];
data.z3_embeddings.forEach((z, i) => {
    const cx = toCanvasX(z.x), cy = toCanvasY(z.y);
    eCtx.beginPath();
    eCtx.arc(cx, cy, 6, 0, Math.PI * 2);
    eCtx.fillStyle = z3LabelColors[i];
    eCtx.fill();
    eCtx.fillStyle = '#888';
    eCtx.font = '10px monospace';
    eCtx.fillText(z.label, cx + 8, cy + 3);
});

// Draw token points
data.tokens.forEach(t => {
    const cx = toCanvasX(t.x), cy = toCanvasY(t.y);
    const [r,g,b] = t.rgb.map(v => Math.round(v*255));
    eCtx.beginPath();
    eCtx.arc(cx, cy, 4, 0, Math.PI * 2);
    eCtx.fillStyle = `rgb(${r},${g},${b})`;
    eCtx.fill();
    eCtx.fillStyle = '#aaa';
    eCtx.font = '9px monospace';
    eCtx.fillText(t.char, cx + 5, cy - 3);
});

// ═══ Attention Matrix ═══
const attnDiv = document.getElementById('attn-display');
const n = data.tokens.length;
let attnHtml = `<div class="attn-grid" style="grid-template-columns: 30px repeat(${n}, 28px);">`;
// Header row
attnHtml += '<div></div>';
data.tokens.forEach(t => {
    attnHtml += `<div class="attn-header">${t.char}</div>`;
});
// Data rows
for (let i = 0; i < n; i++) {
    attnHtml += `<div class="attn-header">${data.tokens[i].char}</div>`;
    for (let j = 0; j < n; j++) {
        const val = data.attention[i][j];
        const intensity = Math.round(val * 200);
        const bg = `rgb(${intensity}, ${Math.round(intensity*0.6)}, ${Math.round(intensity*1.2)})`;
        attnHtml += `<div class="attn-cell" style="background:${bg}">${val.toFixed(1)}</div>`;
    }
}
attnHtml += '</div>';
attnDiv.innerHTML = attnHtml;

// ═══ Evolution Canvas ═══
const evCanvas = document.getElementById('evol-canvas');
const evCtx = evCanvas.getContext('2d');

evCtx.fillStyle = '#0a0a14';
evCtx.fillRect(0, 0, W, H);

// Draw evolution trajectories
const trajColors = ['#c44', '#4c4', '#448'];
data.trajectories.forEach((traj, ti) => {
    const pts = traj.points;
    evCtx.strokeStyle = trajColors[ti];
    evCtx.lineWidth = 2;
    evCtx.beginPath();
    for (let i = 0; i < pts.length; i++) {
        const cx = toCanvasX(pts[i].x);
        const cy = toCanvasY(pts[i].y);
        if (i === 0) evCtx.moveTo(cx, cy);
        else evCtx.lineTo(cx, cy);
    }
    evCtx.stroke();

    // Draw points
    pts.forEach((p, i) => {
        const cx = toCanvasX(p.x), cy = toCanvasY(p.y);
        evCtx.beginPath();
        evCtx.arc(cx, cy, i === 0 ? 5 : 3, 0, Math.PI * 2);
        evCtx.fillStyle = trajColors[ti];
        evCtx.globalAlpha = 1 - i * 0.08;
        evCtx.fill();
        evCtx.globalAlpha = 1;
    });

    // Label
    evCtx.fillStyle = trajColors[ti];
    evCtx.font = '10px monospace';
    evCtx.fillText(traj.label, toCanvasX(pts[0].x) + 8, toCanvasY(pts[0].y) - 5);
});

// ═══ Roundtrip Display ═══
const rtDiv = document.getElementById('roundtrip-display');
data.roundtrips.forEach(rt => {
    const label = ['thing', 'complement', 'boundary'][rt.original];
    const cls = rt.match ? 'pass' : 'fail';
    rtDiv.innerHTML += `
        <div class="rt-item">
            <div style="color:${z3LabelColors[rt.original]}; font-size:14px;">${label}</div>
            <div class="rt-arrow">&darr; embed &darr;</div>
            <div style="color:#7af; font-size:10px;">768D vector</div>
            <div class="rt-arrow">&darr; project &darr;</div>
            <div class="${cls}">${['thing','complement','boundary'][rt.recovered]} ${rt.match ? '✓' : '✗'}</div>
        </div>`;
});
</script>
</body>
</html>